
Numero de nos = 7


No 0:     (0.623500,0.781800)

No 1:     (-0.222500,0.974900)

No 2:     (-0.901000,0.433900)

No 3:     (-0.901000,-0.433900)

No 4:     (-0.222500,-0.974900)

No 5:     (0.623500,-0.781800)

No 6:     (1.000000,-0.000000)

Numero de elementos = 1


Elemento 0:
  Numero de nos = 7
  Material => 0
  Nos =>
    No 0 = 0
    No 1 = 1
    No 2 = 2
    No 3 = 3
    No 4 = 4
    No 5 = 5
    No 6 = 6
  Propriedade 0 = 0.500000

Numero de materiais = 1


Material 0:
Linear Elastico
Modulo de Elasticidade = 200000.000000
Coeficiente de Poisson = 0.330000

Numero de Condicoes de Contorno = 5


Condicao de contorno 0:
Apoio:
No[0] => 2
Grau de Liberdade[0] => 0

Condicao de contorno 1:
Apoio:
No[0] => 2
Grau de Liberdade[0] => 1

Condicao de contorno 2:
Apoio:
No[0] => 3
Grau de Liberdade[0] => 0

Condicao de contorno 3:
Apoio:
No[0] => 3
Grau de Liberdade[0] => 1

Condicao de contorno 4:
Forca:
No[0] => 6
Grau de Liberdade[0] => 0
Valor[0] => 150.000000

Matriz de Rigidez = 

	114243.093292     	19514.769318     	-37717.685254     	5644.293200     	-39757.851151     	-8137.772834     	-14615.407464     	-15526.078881     	-1143.413673     	-12450.816947     	-4104.579260     	0.000056     	-16904.156489     	10955.606088     
	19514.769318     	119822.148578     	12648.254480     	-14080.091275     	-1346.418678     	-4569.115451     	-13029.505234     	-4875.891580     	-12255.501304     	-18875.645706     	701.135699     	-41618.876484     	13282.035037     	-35802.528082     
	-37717.685254     	12648.254480     	86876.585140     	-5334.632058     	-41439.179240     	-15797.429426     	-14616.626654     	-19276.770676     	5768.350642     	-2118.186782     	-2572.563181     	16844.045910     	-34016.566707     	25682.973031     
	5644.293200     	-14080.091275     	-5334.632058     	134479.952901     	-13770.425812     	-23483.036068     	-16371.998697     	-35546.966129     	-1029.427161     	-28732.356179     	12578.029470     	-24858.726135     	18593.822199     	-21858.868390     
	0.000000     	0.000000     	0.000000     	0.000000     	131173.210492     	0.000000     	0.000000     	0.000000     	0.000000     	0.000000     	0.000000     	0.000000     	0.000000     	0.000000     
	0.000000     	0.000000     	0.000000     	0.000000     	0.000000     	106218.381669     	0.000000     	0.000000     	0.000000     	0.000000     	0.000000     	0.000000     	0.000000     	0.000000     
	0.000000     	0.000000     	0.000000     	0.000000     	0.000000     	0.000000     	131173.210492     	0.000000     	0.000000     	0.000000     	0.000000     	0.000000     	0.000000     	0.000000     
	0.000000     	0.000000     	0.000000     	0.000000     	0.000000     	0.000000     	0.000000     	106218.381669     	0.000000     	0.000000     	0.000000     	0.000000     	0.000000     	0.000000     
	-1143.413673     	-12255.501304     	5768.350642     	-1029.427161     	-9056.287916     	14985.846248     	-29088.908578     	13946.738881     	99008.491092     	6549.853956     	-37419.959765     	-11770.893696     	-23443.334833     	-23711.545390     
	-12450.816947     	-18875.645706     	-2118.186782     	-28732.356179     	6167.883604     	-41566.519376     	5532.175603     	-32903.157227     	6549.853956     	125786.699725     	-881.044513     	-23794.005660     	-13342.489837     	-25608.997715     
	-4104.579260     	701.135699     	-2572.563181     	12578.029470     	-15975.091888     	16989.037737     	-39108.254132     	10362.397163     	-37419.959765     	-881.044513     	98689.975444     	-21062.831582     	-29289.393308     	-16688.574023     
	0.000056     	-41618.876484     	16844.045910     	-24858.726135     	20547.366781     	-10393.032259     	3419.684734     	-10486.191994     	-11770.893696     	-23794.005660     	-21062.831582     	90443.169208     	-7310.836247     	-66611.880992     
	-16904.156489     	13282.035037     	-34016.566707     	18593.822199     	-45474.034194     	3273.619083     	-29596.659474     	-11299.675438     	-23443.334833     	-13342.489837     	-29289.393308     	-7310.836247     	102599.902566     	0.000000     
	10955.606088     	-35802.528082     	25682.973031     	-21858.868390     	20332.443382     	3545.288824     	-7741.590430     	3229.811485     	-23711.545390     	-25608.997715     	-16688.574023     	-66611.880992     	-0.000000     	13014.913224     

Vetor de forcas = 

f[0]=0.000000
f[1]=0.000000
f[2]=0.000000
f[3]=0.000000
f[4]=0.000000
f[5]=0.000000
f[6]=0.000000
f[7]=0.000000
f[8]=0.000000
f[9]=0.000000
f[10]=0.000000
f[11]=0.000000
f[12]=150.000000
f[13]=0.000000

Vetor de deslocamentos resultantes = 

u[0]=0.000459
u[1]=-0.000118
u[2]=0.000522
u[3]=-0.000181
u[4]=0.000000
u[5]=0.000000
u[6]=0.000000
u[7]=0.000000
u[8]=0.000522
u[9]=0.000181
u[10]=0.000459
u[11]=0.000118
u[12]=0.001462
u[13]=0.000000
