
Numero de nos = 8


No 0:     (0.707100,0.707100)

No 1:     (0.000000,1.000000)

No 2:     (-0.707100,0.707100)

No 3:     (-1.000000,0.000000)

No 4:     (-0.707100,-0.707100)

No 5:     (-0.000000,-1.000000)

No 6:     (0.707100,-0.707100)

No 7:     (1.000000,-0.000000)

Numero de elementos = 1


Elemento 0:
  Numero de nos = 8
  Material => 0
  Nos =>
    No 0 = 0
    No 1 = 1
    No 2 = 2
    No 3 = 3
    No 4 = 4
    No 5 = 5
    No 6 = 6
    No 7 = 7
  Propriedade 0 = 1.000000
  Deformacao calculada
    Ponto de Gauss 0:
      Componente 0 = -0.000114
      Componente 1 = 0.000549
      Componente 2 = -0.000067
    Ponto de Gauss 1:
      Componente 0 = -0.000109
      Componente 1 = 0.000374
      Componente 2 = -0.000846
    Ponto de Gauss 2:
      Componente 0 = -0.000104
      Componente 1 = 0.001554
      Componente 2 = -0.000298
    Ponto de Gauss 3:
      Componente 0 = -0.000114
      Componente 1 = 0.000549
      Componente 2 = 0.000067
    Ponto de Gauss 4:
      Componente 0 = -0.000104
      Componente 1 = 0.001554
      Componente 2 = 0.000298
    Ponto de Gauss 5:
      Componente 0 = -0.000109
      Componente 1 = 0.000374
      Componente 2 = 0.000846
    Ponto de Gauss 6:
      Componente 0 = -0.000116
      Componente 1 = 0.000449
      Componente 2 = 0.000104
    Ponto de Gauss 7:
      Componente 0 = -0.000134
      Componente 1 = -0.000047
      Componente 2 = 0.000579
    Ponto de Gauss 8:
      Componente 0 = -0.000199
      Componente 1 = 0.000202
      Componente 2 = -0.000221
  Tensao calculada
    Ponto de Gauss 0:
      Componente 0 = 14.973993
      Componente 1 = 114.696403
      Componente 2 = -5.073844
    Ponto de Gauss 1:
      Componente 0 = 14.973993
      Componente 1 = 114.696403
      Componente 2 = -5.073844
    Ponto de Gauss 2:
      Componente 0 = 14.973993
      Componente 1 = 114.696403
      Componente 2 = -5.073844
    Ponto de Gauss 3:
      Componente 0 = 14.973993
      Componente 1 = 114.696403
      Componente 2 = -5.073844
    Ponto de Gauss 4:
      Componente 0 = 14.973993
      Componente 1 = 114.696403
      Componente 2 = -5.073844
    Ponto de Gauss 5:
      Componente 0 = 14.973993
      Componente 1 = 114.696403
      Componente 2 = -5.073844
    Ponto de Gauss 6:
      Componente 0 = 14.973993
      Componente 1 = 114.696403
      Componente 2 = -5.073844
    Ponto de Gauss 7:
      Componente 0 = 14.973993
      Componente 1 = 114.696403
      Componente 2 = -5.073844
    Ponto de Gauss 8:
      Componente 0 = 14.973993
      Componente 1 = 114.696403
      Componente 2 = -5.073844
  Deslocamentos Nodais
 x[0] = -0.000070
 x[1] = 0.000488
 x[2] = 0.000000
 x[3] = 0.001825
 x[4] = 0.000070
 x[5] = 0.000488
 x[6] = 0.000161
 x[7] = 0.000837
 x[8] = 0.000000
 x[9] = 0.000000
 x[10] = -0.000000
 x[11] = 0.000764
 x[12] = 0.000000
 x[13] = 0.000000
 x[14] = -0.000161
 x[15] = 0.000837
  Forcas Nodais
 f[0] = -0.000000
 f[1] = -12.131446
 f[2] = 0.000000
 f[3] = 0.000000
 f[4] = 0.000000
 f[5] = 0.000000
 f[6] = 0.000000
 f[7] = 0.000000
 f[8] = 0.000000
 f[9] = 0.000000
 f[10] = 0.000000
 f[11] = 0.000000
 f[12] = 0.000000
 f[13] = 0.000000
 f[14] = 0.000000
 f[15] = 0.000000

Numero de materiais = 1


Material 0:
Linear Elastico
Modulo de Elasticidade = 200000.000000
Coeficiente de Poisson = 0.330000

Numero de Condicoes de Contorno = 5


Condicao de contorno 0:
Apoio:
No[0] => 4
Grau de Liberdade[0] => 0

Condicao de contorno 1:
Apoio:
No[0] => 4
Grau de Liberdade[0] => 1

Condicao de contorno 2:
Apoio:
No[0] => 6
Grau de Liberdade[0] => 0

Condicao de contorno 3:
Apoio:
No[0] => 6
Grau de Liberdade[0] => 1

Condicao de contorno 4:
Forca:
No[0] => 1
Grau de Liberdade[0] => 1
Valor[0] => 150.000000

Matriz de Rigidez = 

	103740.748384     	16670.169361     	-20253.966864     	7057.594148     	-40486.467018     	-12.914705     	-18698.667862     	-9513.975359     	-7497.453204     	-12281.982889     	336.657806     	-9521.460560     	-11534.485428     	12.914705     	-5606.365815     	7589.655300     
	16670.169361     	101062.007862     	10844.278610     	-6740.455279     	6518.711825     	-11532.410156     	-6516.759274     	1865.464789     	-11077.212183     	-5523.853263     	-9568.073125     	-17168.658077     	1840.569375     	-40488.542290     	7958.484773     	-21473.553585     
	-20253.966864     	10844.278610     	81951.377555     	2101.171583     	-28857.876365     	-6354.712005     	-28961.042082     	-16546.390486     	61.502786     	-11319.137855     	5877.019201     	-16.683120     	-2112.792245     	13861.047639     	-27958.188850     	18274.704245     
	7057.594148     	-6740.455279     	2101.171583     	119424.960136     	-3128.588727     	-6211.725506     	-12882.930323     	-24813.748943     	-9751.786010     	-17941.317460     	-811.739975     	-20276.063172     	10483.093396     	-21755.366555     	16091.951640     	-28426.738500     
	-40486.467018     	6518.711825     	-28857.876365     	-3128.588727     	77275.991071     	-18331.785029     	-23019.138530     	-17899.558156     	-13979.792979     	-8905.717865     	3133.438409     	6375.925636     	-12587.048573     	19209.639219     	-30823.449398     	19551.496195     
	-12.914705     	-11532.410156     	-6354.712005     	-6211.725506     	-18331.785029     	97260.148545     	-16180.074006     	-26862.199905     	-5070.874861     	-45041.899607     	9579.009666     	-20202.404186     	9886.050369     	-7617.441103     	1785.888831     	2463.796255     
	-18698.667862     	-6516.759274     	-28961.042082     	-12882.930323     	-23019.138530     	-16180.074006     	95444.927919     	-19919.422421     	-13710.178988     	-11593.840624     	-22049.668322     	7984.904515     	-22379.618837     	13919.499124     	-37305.461772     	9608.859407     
	-9513.975359     	1865.464789     	-16546.390486     	-24813.748943     	-17899.558156     	-26862.199905     	-19919.422421     	61943.490985     	-2407.243724     	-44214.128804     	14483.813628     	-33218.577402     	5317.965157     	4614.269263     	-17394.535061     	10874.945958     
	0.000000     	0.000000     	0.000000     	0.000000     	0.000000     	0.000000     	0.000000     	0.000000     	103740.748384     	0.000000     	0.000000     	0.000000     	0.000000     	0.000000     	0.000000     	0.000000     
	0.000000     	0.000000     	0.000000     	0.000000     	0.000000     	0.000000     	0.000000     	0.000000     	0.000000     	103740.748384     	0.000000     	0.000000     	0.000000     	0.000000     	0.000000     	0.000000     
	336.657806     	-9568.073125     	5877.019201     	-811.739975     	3133.438409     	9579.009666     	-22049.668322     	14483.813628     	-22887.237339     	20253.426482     	76184.344685     	9611.938876     	-26696.381222     	-10456.794889     	-26600.726125     	-19408.570469     
	-9521.460560     	-17168.658077     	-16.683120     	-20276.063172     	6375.925636     	-20202.404186     	7984.904515     	-33218.577402     	2788.198371     	-42082.382791     	9611.938876     	88758.157838     	5160.204838     	-16712.206491     	-10836.013876     	-27408.257512     
	0.000000     	0.000000     	0.000000     	0.000000     	0.000000     	0.000000     	0.000000     	0.000000     	0.000000     	0.000000     	0.000000     	0.000000     	103740.748384     	0.000000     	0.000000     	0.000000     
	0.000000     	0.000000     	0.000000     	0.000000     	0.000000     	0.000000     	0.000000     	0.000000     	0.000000     	0.000000     	0.000000     	0.000000     	0.000000     	103740.748384     	0.000000     	0.000000     
	-5606.365815     	7958.484773     	-27958.188850     	16091.951640     	-30823.449398     	1785.888831     	-37305.461772     	-17394.535061     	-28414.344126     	-30866.950717     	-26600.726125     	-10836.013876     	-29655.486359     	12638.714975     	65368.268963     	16606.075957     
	7589.655300     	-21473.553585     	18274.704245     	-28426.738500     	19551.496195     	2463.796255     	9608.859407     	10874.945958     	-8185.721831     	10638.800100     	-19408.570469     	-27408.257512     	-4342.320661     	-51830.547447     	16606.075957     	45597.425976     

Vetor de forcas = 

f[0]=0.000000
f[1]=0.000000
f[2]=0.000000
f[3]=150.000000
f[4]=0.000000
f[5]=0.000000
f[6]=0.000000
f[7]=0.000000
f[8]=0.000000
f[9]=0.000000
f[10]=0.000000
f[11]=0.000000
f[12]=0.000000
f[13]=0.000000
f[14]=0.000000
f[15]=0.000000

Vetor de deslocamentos resultantes = 

u[0]=-0.000070
u[1]=0.000488
u[2]=0.000000
u[3]=0.001825
u[4]=0.000070
u[5]=0.000488
u[6]=0.000161
u[7]=0.000837
u[8]=0.000000
u[9]=0.000000
u[10]=-0.000000
u[11]=0.000764
u[12]=0.000000
u[13]=0.000000
u[14]=-0.000161
u[15]=0.000837
